-1
-1
-1
-1
32
34
34
34
34
34
34
35
35
35
35
35
35
44
44
44
44
44
44
46
46
46
46
46
46
47
47
47
47
47
47
49
49
49
49
49
49
59
59
59
59
59
59
66
66
66
66
66
66
70
70
70
70
70
70
71
71
71
71
71
71
76
76
76
76
76
76
1
1
1
1
1
1
3
3
3
3
3
3
4
4
4
4
4
4
5
5
5
5
5
5
6
6
6
6
6
6
7
7
7
7
7
7
8
8
8
8
8
8
9
9
9
9
9
9
10
10
10
10
10
10
11
11
11
11
11
11
14
14
14
14
14
14
15
15
15
15
15
15
16
16
16
16
16
16
18
18
18
18
18
18
20
20
20
20
20
20
24
24
24
24
24
24
25
25
25
25
25
25
26
26
26
26
26
26
27
27
27
27
27
27
28
28
28
28
28
28
30
30
30
30
30
30
31
31
31
31
31
31
32
32
32
32
32
32
33
33
33
33
33
33
34
34
34
34
34
34
35
35
35
35
35
35
37
37
37
37
37
37
38
38
38
38
38
38
39
39
39
39
39
39
41
41
41
41
41
41
42
42
42
42
42
42
44
44
44
44
44
44
46
46
46
46
46
46
47
47
47
47
47
47
48
48
48
48
48
48
49
49
49
49
49
49
52
52
52
52
52
52
53
53
53
53
53
53
54
54
54
54
54
54
55
55
55
55
55
55
59
59
59
59
59
59
61
61
61
61
61
61
62
62
62
62
62
62
63
63
63
63
63
63
67
67
67
67
67
67
72
72
72
72
72
72
73
73
73
73
73
73
76
76
76
76
76
76
77
77
77
77
77
77
78
78
78
78
78
78
1
1
1
1
1
1
3
3
3
3
3
3
4
4
4
4
4
4
4
4
4
4
4
4
5
5
5
5
5
5
6
6
6
6
6
6
6
6
6
6
6
6
8
8
8
8
8
8
11
11
11
11
11
11
11
11
11
11
11
11
15
15
15
15
15
15
18
18
18
18
18
18
18
18
18
18
18
18
20
20
20
20
20
20
24
24
24
24
24
24
25
25
25
25
25
25
26
26
26
26
26
26
26
26
26
26
26
26
27
27
27
27
27
27
28
28
28
28
28
28
29
29
29
29
29
29
30
30
30
30
30
30
30
30
30
30
30
30
31
31
31
31
31
31
32
32
32
32
32
32
33
33
33
33
33
33
33
33
33
33
33
33
35
35
35
35
35
35
35
35
35
36
36
36
36
36
36
36
36
36
36
36
36
38
38
38
38
38
38
39
39
39
39
39
39
41
41
41
41
41
41
42
42
42
42
42
42
44
44
44
44
44
44
44
44
44
45
45
45
45
45
45
46
46
46
46
46
46
46
46
46
46
46
46
47
47
47
47
47
47
47
47
47
47
47
47
48
48
48
48
48
48
48
48
48
48
48
48
49
49
49
49
49
49
49
49
49
50
50
50
50
50
50
52
52
52
52
52
52
52
52
52
52
52
52
54
54
54
54
54
54
55
55
55
55
55
55
59
59
59
59
59
59
62
62
62
62
62
62
72
72
72
72
72
72
73
73
73
73
73
73
73
73
73
73
73
73
78
78
78
78
78
78
78
78
78
78
78
78