-1
-1
-1
-1
-1
-1
-1
-1
-1
-1
-1
-1
-1
-1
-1
-1
-1
-1
-1
-1
-1
-1
-1
-1
-1
-1
-1
-1
-1
-1
-1
-1
-1
-1
-1
-1
-1
-1
-1
-1
-1
-1
-1
-1
-1
-1
-1
-1
-1
-1
-1
-1
-1
-1
-1
-1
-1
-1
-1
-1
-1
-1
-1
-1
-1
-1
-1
-1
-1
-1
-1
56
56
56
56
56
56
53
53
53
53
53
53
57
57
57
57
57
57
58
58
58
58
58
58
12
12
12
12
12
12
37
37
37
37
37
37
59
59
59
59
59
59
60
60
60
60
60
60
61
61
61
61
61
61
62
62
62
62
62
62
63
63
63
63
63
63
8
8
8
8
8
8
64
64
64
64
64
64
41
41
41
41
41
41
65
65
65
65
65
65
66
66
66
66
66
66
67
67
67
67
67
67
68
68
68
68
68
68
69
69
69
69
69
69
17
17
17
17
17
17
70
70
70
70
70
70
71
71
71
71
71
71
72
72
72
72
72
72
44
44
44
44
44
44
73
73
73
73
73
73
36
36
36
36
36
36
26
26
26
26
26
26
75
75
75
75
75
75
40
40
40
40
40
40
27
27
27
27
27
27
76
76
76
76
76
76
24
24
24
24
24
24
77
77
77
77
77
77
78
78
78
78
78
78
79
79
79
79
79
79
80
80
80
80
80
80
